Define Charlist
 ('A', 'B', 'C', 'D', 'E', 'F', 'G', 'H', 'I', 'J', 'K', 'L', 'M', 'N', 'O', 'P', 'Q', 'R', 'S', 'T', 'U', 'V', 'W', 'X', 'Y', 'Z', 
  'a', 'b', 'c', 'd', 'e', 'f', 'g', 'h', 'i', 'j', 'k', 'l', 'm', 'n', 'o', 'p', 'q', 'r', 's', 't', 'u', 'v', 'w', 'x', 'y', 'z', '0', 
  '1', '2', '3', '4', '5', '6', '7', '8', '9', '~', '`', '!', '@', '#', '$', '%', '^', '&', '*', '(', ')', '-', '_', '=', '+', '[', '{', 
  ']', '}', '\\', '|', ';', ':', "'", '"', ',', '<', '.', '>', '/', '?' );

Define WidthList
 (24, 22, 27, 28, 27, 19, 26, 28, 13, 12, 29, 22, 41, 24, 28, 28, 27, 26, 20, 31, 23, 28, 33, 27, 23, 27, 
  18, 16, 16, 18, 16, 15, 17, 18, 10, 9, 18, 13, 26, 19, 17, 19, 18, 18, 15, 18, 17, 17, 23, 23, 17, 18, 19, 
  10, 20, 19, 21, 19, 20, 20, 19, 19, 12, 8, 11, 28, 21, 20, 24, 11, 38, 14, 10, 10, 13, 22, 15, 15, 9, 8, 
  9, 9, 21, 6, 7, 8, 7, 10, 8, 18, 8, 17, 21, 16 );

Define RectList
 ((4,0,26,45) , (32,0,24,45) , (62,0,29,45) , (95,0,30,45) , (131,0,29,45) , (164,0,21,45) , (189,0,28,45) , (220,0,30,45) , (252,0,15,45) , (270,0,14,45) , (286,0,31,45) , (320,0,24,45) , (349,0,43,45) , (397,0,26,45) , (430,0,30,45) , (463,0,30,45) , (499,0,29,45) , (533,0,28,45) , (563,0,22,45) , (588,0,33,45) , (626,0,25,45) , (656,0,30,45) , (691,0,35,45) , (732,0,29,45) , (766,0,25,45) , (797,0,29,45) , 
  (832,0,20,45) , (857,0,18,45) , (881,0,18,45) , (904,0,20,45) , (929,0,18,45) , (951,0,17,45) , (973,0,19,45) , (997,0,20,45) , (1021,0,12,45) , (1037,0,11,45) , (1053,0,20,45) , (1079,0,15,45) , (1096,0,28,45) , (1127,0,21,45) , (1154,0,19,45) , (1178,0,21,45) , (1204,0,20,45) , (1229,0,20,45) , (1252,0,17,45) , (1274,0,20,45) , (1298,0,19,45) , (1321,0,19,45) , (1343,0,25,45) , (1373,0,25,45) , (1403,0,19,45) , (1427,0,20,45) , (1452,0,21,45) , 
  (1479,0,12,45) , (1498,0,22,45) , (1525,0,21,45) , (1551,0,23,45) , (1578,0,21,45) , (1605,0,22,45) , (1630,0,22,45) , (1656,0,21,45) , (1682,0,21,45) , (1706,0,14,45) , (1727,0,10,45) , (1744,0,13,45) , (1760,0,30,45) , (1792,0,23,45) , (1820,0,22,45) , (1848,0,26,45) , (1881,0,13,45) , (1901,0,40,45) , (1945,0,16,45) , (1967,0,12,45) , (1982,0,12,45) , (2000,0,15,45) , (2020,0,24,45) , (2049,0,17,45) , (2074,0,17,45) , (2101,0,11,45) , (2117,0,10,45) , 
  (2133,0,11,45) , (2151,0,11,45) , (2167,0,23,45) , (2196,0,8,45) , (2212,0,9,45) , (2228,0,10,45) , (2245,0,9,45) , (2259,0,12,45) , (2277,0,10,45) , (2294,0,20,45) , (2322,0,10,45) , (2341,0,19,45) , (2367,0,23,45) , (2394,0,18,45)  );

CreateLayer Main;
LayerSetImage Main '../images/colorlessfont';
LayerSetImageMap Main CharList RectList;
LayerSetAscent Main 36;
LayerSetCharWidths Main CharList WidthList;
LayerSetCharWidths Main (' ') (12);
