Define Charlist
 ('A', 'B', 'C', 'D', 'E', 'F', 'G', 'H', 'I', 'J', 'K', 'L', 'M', 'N', 'O', 'P', 'Q', 'R', 'S', 'T', 'U', 'V', 'W', 'X', 'Y', 'Z',
  'a', 'b', 'c', 'd', 'e', 'f', 'g', 'h', 'i', 'j', 'k', 'l', 'm', 'n', 'o', 'p', 'q', 'r', 's', 't', 'u', 'v', 'w', 'x', 'y', 'z', '0',
  '1', '2', '3', '4', '5', '6', '7', '8', '9', '~', '`', '!', '@', '#', '$', '%', '^', '&', '*', '(', ')', '-', '_', '=', '+', '[', '{',
  ']', '}', '\\', '|', ';', ':', "'", '"', ',', '<', '.', '>', '/', '?' );


Define WidthList
 (34, 32, 37, 38, 37, 27, 36, 39, 20, 19, 40, 32, 55, 33, 39, 39, 39, 37, 29, 42, 33, 39, 46, 38, 33, 37,
  27, 24, 24, 26, 23, 23, 25, 27, 16, 16, 26, 19, 36, 28, 25, 27, 26, 26, 22, 26, 25, 26, 33, 32, 25, 26, 27,
  16, 29, 27, 30, 28, 28, 28, 28, 28, 19, 15, 17, 38, 29, 28, 34, 18, 51, 21, 16, 16, 21, 31, 22, 23, 15, 15,
  15, 14, 30, 11, 14, 13, 12, 16, 14, 26, 13, 25, 30, 24 );


Define RectList
 ((5,0,34,57) , (40,0,32,57) , (79,0,37,57) , (121,0,38,57) , (166,0,37,57) , (208,0,27,57) , (239,0,36,57) , (278,0,39,57) , (319,0,20,57) , (342,0,19,57) , (362,0,40,57) , (404,0,32,57) , (442,0,55,57) , (503,0,33,57) , (544,0,39,57) , (586,0,39,57) , (631,0,39,57) , (674,0,37,57) , (713,0,29,57) , (745,0,42,57) , (792,0,33,57) , (831,0,39,57) , (874,0,46,57) , (927,0,38,57) , (969,0,33,57) , (1010,0,37,57) ,
  (1053,0,27,57) , (1085,0,24,57) , (1115,0,24,57) , (1145,0,26,57) , (1177,0,23,57) , (1204,0,23,57) , (1232,0,25,57) , (1262,0,27,57) , (1293,0,16,57) , (1313,0,16,57) , (1334,0,26,57) , (1367,0,19,57) , (1388,0,36,57) , (1427,0,28,57) , (1461,0,25,57) , (1491,0,27,57) , (1525,0,26,57) , (1556,0,26,57) , (1586,0,22,57) , (1613,0,26,57) , (1644,0,25,57) , (1672,0,26,57) , (1701,0,33,57) , (1739,0,32,57) , (1776,0,25,57) , (1807,0,26,57) , (1839,0,27,57) ,
  (1873,0,16,57) , (1897,0,29,57) , (1931,0,27,57) , (1964,0,30,57) , (1998,0,28,57) , (2033,0,28,57) , (2065,0,28,57) , (2097,0,28,57) , (2130,0,28,57) , (2160,0,19,57) , (2186,0,15,57) , (2209,0,17,57) , (2229,0,38,57) , (2270,0,29,57) , (2305,0,28,57) , (2340,0,34,57) , (2382,0,18,57) , (2408,0,51,57) , (2463,0,21,57) , (2491,0,16,57) , (2510,0,16,57) , (2532,0,21,57) , (2558,0,31,57) , (2595,0,22,57) , (2626,0,23,57) , (2660,0,15,57) , (2680,0,15,57) ,
  (2701,0,15,57) , (2724,0,14,57) , (2744,0,30,57) , (2781,0,11,57) , (2800,0,14,57) , (2822,0,13,57) , (2843,0,12,57) , (2861,0,16,57) , (2883,0,14,57) , (2905,0,26,57) , (2941,0,13,57) , (2965,0,25,57) , (2997,0,30,57) , (3032,0,24,57)  );


CreateLayer Main;
LayerSetImage Main '../images/fontbig';
LayerSetImageMap Main CharList RectList;
LayerSetAscent Main 46;
LayerSetCharWidths Main CharList WidthList;
LayerSetCharWidths Main (' ') (25);
