Define Charlist
 ('A', 'B', 'C', 'D', 'E', 'F', 'G', 'H', 'I', 'J', 'K', 'L', 'M', 'N', 'O', 'P', 'Q', 'R', 'S', 'T', 'U', 'V', 'W', 'X', 'Y', 'Z',
  'a', 'b', 'c', 'd', 'e', 'f', 'g', 'h', 'i', 'j', 'k', 'l', 'm', 'n', 'o', 'p', 'q', 'r', 's', 't', 'u', 'v', 'w', 'x', 'y', 'z', '0',
  '1', '2', '3', '4', '5', '6', '7', '8', '9', '~', '`', '!', '@', '#', '$', '%', '^', '&', '*', '(', ')', '-', '_', '=', '+', '[', '{',
  ']', '}', '\\', '|', ';', ':', "'", '"', ',', '<', '.', '>', '/', '?' );


Define WidthList
 (15, 13, 16, 16, 16, 11, 15, 17, 7, 6, 17, 13, 26, 14, 16, 16, 17, 16, 11, 19, 14, 16, 21, 16, 14, 16,
  11, 9, 9, 10, 8, 8, 9, 11, 4, 5, 10, 6, 15, 10, 10, 11, 10, 10, 8, 11, 9, 9, 14, 14, 10, 14, 11,
  5, 11, 11, 12, 11, 11, 11, 11, 12, 7, 4, 5, 16, 12, 12, 14, 6, 23, 7, 5, 5, 8, 12, 8, 9, 4, 4,
  5, 4, 12, 2, 4, 3, 2, 5, 4, 10, 3, 10, 12, 9 );


Define RectList
 ((2,0,19,30) , (21,0,17,30) , (41,0,20,30) , (64,0,20,30) , (87,0,20,30) , (109,0,15,30) , (126,0,19,30) , (146,0,21,30) , (168,0,11,30) , (180,0,10,30) , (191,0,21,30) , (213,0,17,30) , (232,0,30,30) , (265,0,18,30) , (287,0,20,30) , (309,0,20,30) , (332,0,21,30) , (355,0,20,30) , (376,0,15,30) , (392,0,23,30) , (417,0,18,30) , (438,0,20,30) , (460,0,25,30) , (488,0,20,30) , (510,0,18,30) , (532,0,20,30) ,
  (555,0,14,30) , (571,0,13,30) , (587,0,13,30) , (603,0,14,30) , (620,0,12,30) , (634,0,12,30) , (649,0,13,30) , (664,0,15,30) , (681,0,8,30) , (691,0,9,30) , (702,0,14,30) , (720,0,10,30) , (731,0,19,30) , (752,0,14,30) , (769,0,14,30) , (785,0,15,30) , (803,0,14,30) , (819,0,14,30) , (835,0,12,30) , (849,0,15,30) , (866,0,13,30) , (881,0,13,30) , (895,0,18,30) , (915,0,18,30) , (935,0,14,30) , (951,0,14,30) , (968,0,15,30) ,
  (986,0,9,30) , (999,0,15,30) , (1016,0,15,30) , (1034,0,16,30) , (1052,0,15,30) , (1070,0,15,30) , (1087,0,15,30) , (1104,0,15,30) , (1121,0,16,30) , (1137,0,11,30) , (1151,0,8,30) , (1163,0,9,30) , (1174,0,20,30) , (1195,0,16,30) , (1213,0,16,30) , (1232,0,18,30) , (1254,0,10,30) , (1268,0,27,30) , (1297,0,11,30) , (1311,0,9,30) , (1321,0,9,30) , (1333,0,12,30) , (1347,0,16,30) , (1366,0,12,30) , (1382,0,13,30) , (1401,0,8,30) , (1411,0,8,30) ,
  (1422,0,9,30) , (1434,0,8,30) , (1445,0,16,30) , (1464,0,6,30) , (1474,0,8,30) , (1486,0,7,30) , (1497,0,6,30) , (1506,0,9,30) , (1518,0,8,30) , (1530,0,14,30) , (1549,0,7,30) , (1561,0,14,30) , (1578,0,16,30) , (1596,0,13,30)  );


CreateLayer Main;
LayerSetImage Main '../images/fontsmall';
LayerSetImageMap Main CharList RectList;
LayerSetAscent Main 24;
LayerSetCharWidths Main CharList WidthList;
LayerSetCharWidths Main (' ') (11);
