Define Charlist
 ('A', 'B', 'C', 'D', 'E', 'F', 'G', 'H', 'I', 'J', 'K', 'L', 'M', 'N', 'O', 'P', 'Q', 'R', 'S', 'T', 'U', 'V', 'W', 'X', 'Y', 'Z',
  'a', 'b', 'c', 'd', 'e', 'f', 'g', 'h', 'i', 'j', 'k', 'l', 'm', 'n', 'o', 'p', 'q', 'r', 's', 't', 'u', 'v', 'w', 'x', 'y', 'z', '0',
  '1', '2', '3', '4', '5', '6', '7', '8', '9', '~', '`', '!', '@', '#', '$', '%', '^', '&', '*', '(', ')', '-', '_', '=', '+', '[', '{',
  ']', '}', '\\', '|', ';', ':', "'", '"', ',', '<', '.', '>', '/', '?' );


Define WidthList
 (25, 22, 26, 27, 26, 19, 26, 28, 15, 14, 29, 22, 40, 24, 28, 27, 28, 26, 20, 30, 24, 27, 33, 27, 23, 27,
  18, 17, 17, 18, 17, 16, 18, 19, 11, 11, 18, 13, 25, 19, 18, 20, 18, 18, 16, 19, 17, 17, 24, 23, 17, 19, 19,
  12, 21, 20, 21, 20, 20, 20, 19, 20, 13, 11, 13, 27, 21, 21, 24, 12, 36, 16, 11, 11, 15, 21, 16, 17, 11, 11,
  11, 10, 21, 8, 9, 10, 9, 12, 9, 19, 10, 18, 21, 17 );


Define RectList
 ((2,0,25,40) , (28,0,22,40) , (55,0,26,40) , (84,0,27,40) , (116,0,26,40) , (145,0,19,40) , (167,0,26,40) , (194,0,28,40) , (223,0,15,40) , (239,0,14,40) , (253,0,29,40) , (283,0,22,40) , (309,0,40,40) , (352,0,24,40) , (381,0,28,40) , (411,0,27,40) , (442,0,28,40) , (473,0,26,40) , (500,0,20,40) , (522,0,30,40) , (555,0,24,40) , (583,0,27,40) , (613,0,33,40) , (650,0,27,40) , (680,0,23,40) , (708,0,27,40) ,
  (739,0,18,40) , (761,0,17,40) , (782,0,17,40) , (803,0,18,40) , (825,0,17,40) , (845,0,16,40) , (864,0,18,40) , (885,0,19,40) , (907,0,11,40) , (921,0,11,40) , (936,0,18,40) , (959,0,13,40) , (974,0,25,40) , (1002,0,19,40) , (1025,0,18,40) , (1046,0,20,40) , (1070,0,18,40) , (1092,0,18,40) , (1113,0,16,40) , (1132,0,19,40) , (1154,0,17,40) , (1174,0,17,40) , (1193,0,24,40) , (1220,0,23,40) , (1247,0,17,40) , (1268,0,19,40) , (1291,0,19,40) ,
  (1314,0,12,40) , (1331,0,21,40) , (1355,0,20,40) , (1378,0,21,40) , (1402,0,20,40) , (1427,0,20,40) , (1449,0,20,40) , (1472,0,19,40) , (1495,0,20,40) , (1516,0,13,40) , (1534,0,11,40) , (1550,0,13,40) , (1564,0,27,40) , (1593,0,21,40) , (1617,0,21,40) , (1642,0,24,40) , (1672,0,12,40) , (1690,0,36,40) , (1728,0,16,40) , (1748,0,11,40) , (1762,0,11,40) , (1777,0,15,40) , (1796,0,21,40) , (1821,0,16,40) , (1843,0,17,40) , (1867,0,11,40) , (1881,0,11,40) ,
  (1896,0,11,40) , (1912,0,10,40) , (1926,0,21,40) , (1952,0,8,40) , (1966,0,9,40) , (1980,0,10,40) , (1995,0,9,40) , (2008,0,12,40) , (2024,0,9,40) , (2039,0,19,40) , (2064,0,10,40) , (2081,0,18,40) , (2104,0,21,40) , (2128,0,17,40)  );


CreateLayer Main;
LayerSetImage Main '../images/fontmedium';
LayerSetImageMap Main CharList RectList;
LayerSetAscent Main 33;
LayerSetCharWidths Main CharList WidthList;
LayerSetCharWidths Main (' ') (15);
