Define Charlist
 ('A', 'B', 'C', 'D', 'E', 'F', 'G', 'H', 'I', 'J', 'K', 'L', 'M', 'N', 'O', 'P', 'Q', 'R', 'S', 'T', 'U', 'V', 'W', 'X', 'Y', 'Z', 
  'a', 'b', 'c', 'd', 'e', 'f', 'g', 'h', 'i', 'j', 'k', 'l', 'm', 'n', 'o', 'p', 'q', 'r', 's', 't', 'u', 'v', 'w', 'x', 'y', 'z', '0', 
  '1', '2', '3', '4', '5', '6', '7', '8', '9', '~', '`', '!', '@', '#', '$', '%', '^', '&', '*', '(', ')', '-', '_', '=', '+', '[', '{', 
  ']', '}', '\\', '|', ';', ':', "'", '"', ',', '<', '.', '>', '/', '?' );

Define WidthList
 (10, 10, 9, 12, 10, 9, 10, 13, 5, 6, 11, 10, 14, 13, 11, 9, 12, 10, 8, 10, 11, 11, 14, 11, 11, 10, 
  7, 8, 6, 7, 7, 6, 9, 8, 4, 3, 8, 3, 12, 8, 8, 8, 8, 5, 5, 4, 7, 7, 11, 8, 7, 7, 7, 
  5, 7, 7, 7, 7, 7, 6, 7, 7, 8, 3, 3, 13, 10, 7, 13, 7, 11, 7, 4, 4, 5, 8, 9, 9, 4, 4, 
  4, 4, 7, 2, 3, 3, 3, 6, 3, 9, 3, 9, 7, 5 );

Define RectList
 ((2,0,11,17) , (16,0,11,17) , (31,0,10,17) , (45,0,13,17) , (61,0,11,17) , (76,0,10,17) , (90,0,11,17) , (105,0,14,17) , (122,0,6,17) , (131,0,7,17) , (142,0,12,17) , (156,0,11,17) , (170,0,15,17) , (188,0,14,17) , (206,0,12,17) , (222,0,10,17) , (235,0,13,17) , (252,0,11,17) , (266,0,9,17) , (278,0,11,17) , (293,0,12,17) , (308,0,12,17) , (322,0,15,17) , (340,0,12,17) , (355,0,12,17) , (369,0,11,17) , 
  (384,0,8,17) , (395,0,9,17) , (408,0,7,17) , (419,0,8,17) , (431,0,8,17) , (442,0,7,17) , (453,0,10,17) , (466,0,9,17) , (478,0,5,17) , (487,0,4,17) , (495,0,9,17) , (507,0,4,17) , (515,0,13,17) , (532,0,9,17) , (544,0,9,17) , (556,0,9,17) , (569,0,9,17) , (581,0,6,17) , (591,0,6,17) , (601,0,5,17) , (610,0,8,17) , (622,0,8,17) , (633,0,12,17) , (648,0,9,17) , (660,0,8,17) , (671,0,8,17) , (682,0,8,17) , 
  (694,0,6,17) , (704,0,8,17) , (715,0,8,17) , (726,0,8,17) , (737,0,8,17) , (748,0,8,17) , (760,0,7,17) , (771,0,8,17) , (782,0,8,17) , (794,0,9,17) , (808,0,4,17) , (817,0,4,17) , (825,0,14,17) , (843,0,11,17) , (857,0,8,17) , (868,0,14,17) , (886,0,8,17) , (899,0,12,17) , (915,0,8,17) , (927,0,5,17) , (936,0,5,17) , (945,0,6,17) , (954,0,9,17) , (966,0,10,17) , (981,0,10,17) , (996,0,5,17) , (1005,0,5,17) , 
  (1014,0,5,17) , (1024,0,5,17) , (1034,0,8,17) , (1049,0,3,17) , (1059,0,4,17) , (1067,0,4,17) , (1075,0,4,17) , (1084,0,7,17) , (1096,0,4,17) , (1104,0,10,17) , (1118,0,4,17) , (1126,0,10,17) , (1140,0,8,17) , (1153,0,6,17)  );

CreateLayer Main;
LayerSetImage Main '../images/garamondfonttinyX';
LayerSetImageMap Main CharList RectList;
LayerSetAscent Main 14;
LayerSetCharWidths Main CharList WidthList;
LayerSetCharWidths Main (' ') (4);
