Define Charlist
 ('A', 'B', 'C', 'D', 'E', 'F', 'G', 'H', 'I', 'J', 'K', 'L', 'M', 'N', 'O', 'P', 'Q', 'R', 'S', 'T', 'U', 'V', 'W', 'X', 'Y', 'Z', 
  'a', 'b', 'c', 'd', 'e', 'f', 'g', 'h', 'i', 'j', 'k', 'l', 'm', 'n', 'o', 'p', 'q', 'r', 's', 't', 'u', 'v', 'w', 'x', 'y', 'z', '0', 
  '1', '2', '3', '4', '5', '6', '7', '8', '9', '~', '`', '!', '@', '#', '$', '%', '^', '&', '*', '(', ')', '-', '_', '=', '+', '[', '{', 
  ']', '}', '\\', '|', ';', ':', "'", '"', ',', '<', '.', '>', '/', '?' );

Define WidthList
 (16, 14, 15, 17, 17, 14, 17, 19, 9, 11, 17, 15, 21, 20, 18, 15, 18, 16, 11, 17, 17, 17, 22, 17, 17, 15, 
  11, 12, 11, 12, 11, 10, 13, 13, 7, 6, 13, 6, 19, 12, 12, 13, 13, 8, 9, 8, 13, 12, 17, 12, 12, 10, 11, 
  9, 12, 11, 12, 11, 11, 11, 10, 11, 14, 5, 4, 21, 15, 11, 19, 11, 18, 10, 8, 8, 8, 12, 14, 14, 7, 7, 
  6, 7, 11, 4, 6, 5, 5, 10, 6, 14, 4, 14, 11, 9 );

Define RectList
 ((2,0,16,25) , (24,0,14,25) , (45,0,15,25) , (66,0,17,25) , (89,0,17,25) , (112,0,14,25) , (131,0,17,25) , (154,0,19,25) , (179,0,9,25) , (192,0,11,25) , (208,0,17,25) , (230,0,15,25) , (250,0,21,25) , (276,0,20,25) , (302,0,18,25) , (325,0,15,25) , (346,0,18,25) , (370,0,16,25) , (392,0,11,25) , (408,0,17,25) , (430,0,17,25) , (452,0,17,25) , (474,0,22,25) , (500,0,17,25) , (521,0,17,25) , (543,0,15,25) , 
  (564,0,11,25) , (581,0,12,25) , (599,0,11,25) , (616,0,12,25) , (634,0,11,25) , (650,0,10,25) , (667,0,13,25) , (685,0,13,25) , (703,0,7,25) , (715,0,6,25) , (727,0,13,25) , (745,0,6,25) , (757,0,19,25) , (782,0,12,25) , (800,0,12,25) , (818,0,13,25) , (836,0,13,25) , (855,0,8,25) , (869,0,9,25) , (883,0,8,25) , (896,0,13,25) , (914,0,12,25) , (931,0,17,25) , (953,0,12,25) , (970,0,12,25) , (987,0,10,25) , (1003,0,11,25) , 
  (1020,0,9,25) , (1034,0,12,25) , (1051,0,11,25) , (1067,0,12,25) , (1084,0,11,25) , (1100,0,11,25) , (1117,0,11,25) , (1134,0,10,25) , (1150,0,11,25) , (1167,0,14,25) , (1189,0,5,25) , (1202,0,4,25) , (1213,0,21,25) , (1240,0,15,25) , (1261,0,11,25) , (1277,0,19,25) , (1303,0,11,25) , (1321,0,18,25) , (1346,0,10,25) , (1363,0,8,25) , (1376,0,8,25) , (1390,0,8,25) , (1403,0,12,25) , (1421,0,14,25) , (1442,0,14,25) , (1464,0,7,25) , (1478,0,7,25) , 
  (1492,0,6,25) , (1506,0,7,25) , (1521,0,11,25) , (1543,0,4,25) , (1557,0,6,25) , (1569,0,5,25) , (1581,0,5,25) , (1594,0,10,25) , (1611,0,6,25) , (1623,0,14,25) , (1645,0,4,25) , (1656,0,14,25) , (1677,0,11,25) , (1695,0,9,25)  );

CreateLayer Main;
LayerSetImage Main '../images/garamondfontsmallX';
LayerSetImageMap Main CharList RectList;
LayerSetAscent Main 20;
LayerSetCharWidths Main CharList WidthList;
LayerSetCharWidths Main (' ') (9);
;
LayerSetCharWidths Main (' ') (8);
