Define Charlist
 ('A', 'B', 'C', 'D', 'E', 'F', 'G', 'H', 'I', 'J', 'K', 'L', 'M', 'N', 'O', 'P', 'Q', 'R', 'S', 'T', 'U', 'V', 'W', 'X', 'Y', 'Z', 
  'a', 'b', 'c', 'd', 'e', 'f', 'g', 'h', 'i', 'j', 'k', 'l', 'm', 'n', 'o', 'p', 'q', 'r', 's', 't', 'u', 'v', 'w', 'x', 'y', 'z', '0', 
  '1', '2', '3', '4', '5', '6', '7', '8', '9', '~', '`', '!', '@', '#', '$', '%', '^', '&', '*', '(', ')', '-', '_', '=', '+', '[', '{', 
  ']', '}', '\\', '|', ';', ':', "'", '"', ',', '<', '.', '>', '/', '?' );

Define WidthList
 (23, 19, 20, 23, 21, 18, 22, 26, 11, 13, 22, 20, 28, 26, 23, 18, 23, 21, 14, 22, 23, 23, 29, 22, 23, 19, 
  14, 16, 13, 16, 14, 12, 17, 17, 8, 6, 17, 8, 26, 17, 15, 17, 16, 10, 11, 9, 17, 16, 23, 16, 15, 13, 14, 
  11, 14, 14, 14, 13, 14, 13, 13, 14, 18, 6, 5, 28, 19, 13, 25, 13, 23, 13, 10, 9, 9, 17, 17, 18, 7, 9, 
  7, 9, 13, 4, 6, 5, 5, 13, 6, 17, 5, 18, 14, 11 );

Define RectList
 ((2,0,24,35) , (33,0,20,35) , (63,0,21,35) , (92,0,24,35) , (125,0,22,35) , (156,0,19,35) , (184,0,23,35) , (215,0,27,35) , (251,0,12,35) , (269,0,14,35) , (292,0,23,35) , (321,0,21,35) , (350,0,29,35) , (387,0,27,35) , (423,0,24,35) , (456,0,19,35) , (484,0,24,35) , (518,0,22,35) , (548,0,15,35) , (571,0,23,35) , (602,0,24,35) , (633,0,24,35) , (663,0,30,35) , (700,0,23,35) , (729,0,24,35) , (760,0,20,35) , 
  (790,0,15,35) , (813,0,17,35) , (839,0,14,35) , (862,0,17,35) , (887,0,15,35) , (910,0,13,35) , (933,0,18,35) , (958,0,18,35) , (984,0,9,35) , (1001,0,7,35) , (1017,0,18,35) , (1042,0,9,35) , (1059,0,27,35) , (1094,0,18,35) , (1120,0,16,35) , (1144,0,18,35) , (1171,0,17,35) , (1196,0,11,35) , (1216,0,12,35) , (1237,0,10,35) , (1254,0,18,35) , (1279,0,17,35) , (1302,0,24,35) , (1333,0,17,35) , (1357,0,16,35) , (1381,0,14,35) , (1404,0,15,35) , 
  (1427,0,12,35) , (1448,0,15,35) , (1470,0,15,35) , (1494,0,15,35) , (1517,0,14,35) , (1540,0,15,35) , (1563,0,14,35) , (1587,0,14,35) , (1609,0,15,35) , (1633,0,19,35) , (1663,0,7,35) , (1681,0,6,35) , (1697,0,29,35) , (1735,0,20,35) , (1764,0,14,35) , (1787,0,26,35) , (1824,0,14,35) , (1849,0,24,35) , (1883,0,14,35) , (1907,0,11,35) , (1925,0,10,35) , (1945,0,10,35) , (1962,0,18,35) , (1989,0,18,35) , (2018,0,19,35) , (2049,0,8,35) , (2068,0,10,35) , 
  (2087,0,8,35) , (2107,0,10,35) , (2129,0,14,35) , (2159,0,5,35) , (2179,0,7,35) , (2196,0,6,35) , (2212,0,6,35) , (2230,0,14,35) , (2255,0,7,35) , (2272,0,18,35) , (2301,0,6,35) , (2317,0,19,35) , (2347,0,15,35) , (2372,0,12,35)  );

CreateLayer Main;
LayerSetImage Main '../images/garamondfontmedX';
LayerSetImageMap Main CharList RectList;
LayerSetAscent Main 25;
LayerSetCharWidths Main CharList WidthList;
LayerSetCharWidths Main (' ') (12);
