Define Charlist
 ('A', 'B', 'C', 'D', 'E', 'F', 'G', 'H', 'I', 'J', 'K', 'L', 'M', 'N', 'O', 'P', 'Q', 'R', 'S', 'T', 'U', 'V', 'W', 'X', 'Y', 'Z', 
  'a', 'b', 'c', 'd', 'e', 'f', 'g', 'h', 'i', 'j', 'k', 'l', 'm', 'n', 'o', 'p', 'q', 'r', 's', 't', 'u', 'v', 'w', 'x', 'y', 'z', '0', 
  '1', '2', '3', '4', '5', '6', '7', '8', '9', '~', '`', '!', '@', '#', '$', '%', '^', '&', '*', '(', ')', '-', '_', '=', '+', '[', '{', 
  ']', '}', '\\', '|', ';', ':', "'", '"', ',', '<', '.', '>', '/', '?', '¡', '¢', '£', '¥', '§', '©', '®', '¿', 'À', 'Á', 'Â', 'Ã', 'Ä', 
  'Å', 'Æ', 'Ç', 'È', 'É', 'Ê', 'Ë', 'Ì', 'Í', 'Î', 'Ï', 'Ð', 'Ñ', 'Ò', 'Ó', 'Ô', 'Õ', 'Ö', 'Ø', 'Ù', 'Ú', 'Û', 'Ü', 'Ý', 'ß', 'à', 'á', 
  'â', 'ã', 'ä', 'å', 'æ', 'ç', 'è', 'é', 'ê', 'ë', 'ì', 'í', 'î', 'ï', 'ð', 'ñ', 'ò', 'ó', 'ô', 'õ', 'ö', 'ø', 'ù', 'ú', 'û', 'ü', 'ý', 
  'ÿ' );

Define WidthList
 (13, 12, 12, 12, 11, 10, 13, 12, 4, 9, 12, 10, 13, 11, 14, 10, 13, 13, 11, 11, 11, 12, 17, 12, 12, 12, 
  9, 11, 10, 10, 10, 7, 10, 9, 3, 6, 10, 4, 14, 10, 10, 10, 10, 7, 9, 7, 10, 10, 14, 10, 10, 9, 9, 
  7, 9, 10, 10, 9, 9, 9, 10, 10, 11, 5, 4, 17, 10, 10, 15, 9, 13, 7, 5, 5, 6, 11, 10, 10, 5, 7, 
  6, 7, 6, 3, 4, 4, 4, 8, 4, 10, 4, 10, 6, 10, 4, 9, 11, 10, 10, 14, 14, 10, 13, 13, 13, 13, 13, 
  13, 18, 12, 11, 11, 10, 10, 5, 5, 7, 7, 13, 12, 13, 13, 13, 13, 13, 13, 11, 11, 11, 11, 12, 10, 9, 9, 
  9, 10, 10, 9, 15, 9, 9, 10, 10, 10, 4, 5, 6, 7, 11, 9, 10, 10, 10, 10, 10, 11, 9, 9, 9, 9, 10, 
  11 );

Define RectList
 ((5,0,13,25) , (22,0,12,25) , (39,0,12,25) , (56,0,12,25) , (73,0,11,25) , (89,0,10,25) , (104,0,13,25) , (122,0,12,25) , (139,0,4,25) , (148,0,9,25) , (163,0,12,25) , (180,0,10,25) , (195,0,13,25) , (214,0,11,25) , (230,0,14,25) , (249,0,10,25) , (264,0,13,25) , (282,0,13,25) , (299,0,11,25) , (315,0,11,25) , (331,0,11,25) , (347,0,12,25) , (363,0,17,25) , (384,0,12,25) , (400,0,12,25) , (415,0,12,25) , 
  (431,0,9,25) , (445,0,11,25) , (460,0,10,25) , (474,0,10,25) , (489,0,10,25) , (503,0,7,25) , (514,0,10,25) , (530,0,9,25) , (545,0,3,25) , (552,0,6,25) , (563,0,10,25) , (578,0,4,25) , (587,0,14,25) , (607,0,10,25) , (622,0,10,25) , (637,0,10,25) , (652,0,10,25) , (667,0,7,25) , (678,0,9,25) , (692,0,7,25) , (703,0,10,25) , (718,0,10,25) , (732,0,14,25) , (750,0,10,25) , (764,0,10,25) , (778,0,9,25) , (792,0,9,25) , 
  (806,0,7,25) , (820,0,9,25) , (834,0,10,25) , (848,0,10,25) , (863,0,9,25) , (877,0,9,25) , (891,0,9,25) , (905,0,10,25) , (919,0,10,25) , (933,0,11,25) , (948,0,5,25) , (959,0,4,25) , (969,0,17,25) , (990,0,10,25) , (1004,0,10,25) , (1019,0,15,25) , (1039,0,9,25) , (1053,0,13,25) , (1070,0,7,25) , (1082,0,5,25) , (1092,0,5,25) , (1102,0,6,25) , (1112,0,11,25) , (1127,0,10,25) , (1141,0,10,25) , (1157,0,5,25) , (1166,0,7,25) , 
  (1177,0,6,25) , (1188,0,7,25) , (1199,0,6,25) , (1210,0,3,25) , (1219,0,4,25) , (1230,0,4,25) , (1239,0,4,25) , (1248,0,8,25) , (1261,0,4,25) , (1270,0,10,25) , (1285,0,4,25) , (1294,0,10,25) , (1308,0,6,25) , (1319,0,10,25) , (1334,0,4,25) , (1344,0,9,25) , (1357,0,11,25) , (1372,0,10,25) , (1386,0,10,25) , (1400,0,14,25) , (1417,0,14,25) , (1435,0,10,25) , (1450,0,13,25) , (1467,0,13,25) , (1484,0,13,25) , (1501,0,13,25) , (1518,0,13,25) , 
  (1535,0,13,25) , (1551,0,18,25) , (1574,0,12,25) , (1591,0,11,25) , (1607,0,11,25) , (1624,0,10,25) , (1640,0,10,25) , (1655,0,5,25) , (1665,0,5,25) , (1673,0,7,25) , (1683,0,7,25) , (1692,0,13,25) , (1710,0,12,25) , (1727,0,13,25) , (1745,0,13,25) , (1763,0,13,25) , (1781,0,13,25) , (1799,0,13,25) , (1817,0,13,25) , (1835,0,11,25) , (1852,0,11,25) , (1869,0,11,25) , (1886,0,11,25) , (1902,0,12,25) , (1919,0,10,25) , (1934,0,9,25) , (1948,0,9,25) , 
  (1962,0,9,25) , (1976,0,10,25) , (1990,0,10,25) , (2005,0,9,25) , (2019,0,15,25) , (2039,0,9,25) , (2053,0,9,25) , (2067,0,10,25) , (2081,0,10,25) , (2095,0,10,25) , (2110,0,4,25) , (2119,0,5,25) , (2128,0,6,25) , (2137,0,7,25) , (2147,0,11,25) , (2163,0,9,25) , (2178,0,10,25) , (2193,0,10,25) , (2208,0,10,25) , (2223,0,10,25) , (2238,0,10,25) , (2253,0,11,25) , (2269,0,9,25) , (2284,0,9,25) , (2299,0,9,25) , (2314,0,9,25) , (2328,0,10,25) , 
  (2342,0,11,25)  );

CreateLayer Main;
LayerSetImage Main '../images/registerfont';
LayerSetImageMap Main CharList RectList;
LayerSetAscent Main 19;
LayerSetCharWidths Main CharList WidthList;
LayerSetCharWidths Main (' ') (7);
